[burlap.jpg]
filters=glow2=1,0.650000,3.000000;
moddate=00001f3f63d10000
width=288
height=192
textactive=0
